sample,outer_wall_tickness,inside_wall_side_tickness,inside_wall_middle_tickness,height,width,sigma0,youngs
  1,2.50,2.15,1.63,75.95,127.83,263.44,66771.2
  2,2.83,2.02,1.44,75.76,127.25,246.66,69501.7
  3,2.85,1.78,1.44,76.51,127.53,243.62,65759.5
  4,2.71,1.72,1.51,75.41,127.61,258.13,65259.4
  5,2.67,1.74,1.65,76.22,128.53,261.38,65053.8
  6,2.52,1.87,1.64,76.31,128.60,282.22,66504.8
  7,2.71,1.76,1.55,75.32,128.48,275.16,68032.5
  8,2.63,1.76,1.26,75.34,127.76,246.11,69550.2
  9,2.61,1.82,1.33,76.19,128.15,288.96,74043.8
 10,2.73,1.75,1.26,75.59,128.02,262.31,70834.7
 11,2.62,2.13,1.31,76.37,127.92,281.30,67722.3
 12,2.67,1.78,1.30,75.37,128.53,251.72,72917.3
 13,2.77,1.95,1.21,76.40,127.80,244.03,72875.4
 14,2.71,1.77,1.62,75.83,127.33,259.41,63090.2
 15,2.56,2.02,1.22,76.27,127.22,255.75,67619.7
 16,2.84,1.74,1.27,76.16,128.58,284.53,68412.7
 17,2.62,2.06,1.40,75.95,127.85,255.05,67787.8
 18,2.85,2.20,1.40,75.94,127.96,260.64,76023.9
 19,2.83,2.09,1.29,75.71,127.88,248.44,72791.8
 20,2.65,1.77,1.49,75.65,128.34,281.70,69055.5
 21,2.54,2.06,1.25,75.63,127.53,255.70,71696.2
 22,2.87,1.75,1.54,75.93,127.69,259.15,68813.7
 23,2.77,1.95,1.36,75.87,127.62,250.25,63464.6
 24,2.60,2.05,1.62,76.00,127.57,264.72,64002.5
 25,2.70,1.78,1.48,75.24,128.05,277.11,73018.5
 26,2.86,1.89,1.45,75.69,127.47,248.06,70020.2
 27,2.76,1.81,1.36,76.28,127.41,260.54,65571.6
 28,2.66,1.98,1.34,75.73,127.61,280.34,69377.5
 29,2.66,2.00,1.56,76.49,127.29,250.78,70755.5
 30,2.72,1.77,1.32,75.20,128.49,289.14,63803.4
 31,2.79,1.88,1.79,76.45,127.79,241.71,68880.7
 32,2.55,1.74,1.74,75.62,128.38,271.42,67897.4
 33,2.51,2.02,1.43,76.26,128.13,284.75,63926.9
 34,2.74,1.79,1.36,75.46,128.54,277.22,68579.9
 35,2.88,2.01,1.64,76.47,127.27,260.62,67737.7
 36,2.56,1.92,1.58,76.50,128.27,280.57,64934.5
 37,2.62,1.87,1.23,75.60,127.22,267.66,65359.4
 38,2.76,1.71,1.69,75.95,127.66,270.33,64601.1
 39,2.85,1.87,1.25,76.06,127.73,288.53,63515.2
 40,2.87,1.94,1.46,76.34,127.76,273.37,65548.9
 41,2.79,1.90,1.29,75.37,128.14,287.10,65137.7
 42,2.56,1.81,1.79,76.47,127.58,289.88,69109.8
 43,2.64,1.80,1.59,75.22,127.45,272.68,71526.2
 44,2.69,2.20,1.67,75.53,127.49,257.62,66009.4
 45,2.85,1.79,1.58,76.06,127.27,293.53,68357.4
 46,2.79,1.73,1.55,75.97,127.21,253.69,64739.9
 47,2.80,2.12,1.70,76.39,128.20,247.80,69569.5
 48,2.87,1.95,1.36,75.76,127.98,269.22,64798.6
 49,2.76,2.05,1.35,75.76,127.43,275.05,63656.9
 50,2.84,1.75,1.61,76.55,127.57,257.42,76391.3
 51,2.51,2.17,1.26,75.52,128.51,256.29,66617.2
 52,2.77,2.13,1.48,76.43,128.31,277.11,67850.9
 53,2.64,2.11,1.75,75.29,127.39,246.16,75114.0
 54,2.59,2.04,1.69,76.05,127.95,285.17,68279.0
 55,2.65,2.30,1.40,76.07,127.28,249.65,73328.8
 56,2.50,2.13,1.71,76.29,128.45,291.80,70679.8
 57,2.53,2.22,1.41,76.50,128.44,254.24,76700.5
 58,2.78,2.18,1.27,75.52,127.60,270.02,73491.3
 59,2.68,1.95,1.76,76.37,128.41,245.01,73725.7
 60,2.83,1.91,1.29,75.61,127.60,292.42,66198.7
 61,2.89,2.01,1.79,76.47,127.67,265.41,74961.4
 62,2.64,1.73,1.64,75.25,128.51,258.18,76672.9
 63,2.70,2.00,1.64,76.31,128.12,263.52,71607.4
 64,2.80,1.73,1.56,76.05,128.33,272.36,66513.9
 65,2.85,1.93,1.63,76.09,127.85,257.36,73060.5
 66,2.80,1.96,1.63,76.15,127.30,272.28,70581.3
 67,2.88,2.14,1.58,75.21,128.56,261.10,72685.3
 68,2.76,2.29,1.68,75.98,128.49,286.75,68024.1
 69,2.65,2.15,1.55,75.33,128.05,256.51,64735.1
 70,2.51,1.87,1.40,75.86,128.45,268.13,65876.5
 71,2.56,2.17,1.66,76.29,127.84,255.22,75175.7
 72,2.57,2.26,1.55,76.24,128.19,275.38,70921.6
 73,2.76,1.75,1.63,76.05,128.20,255.60,74199.4
 74,2.80,1.94,1.54,75.43,127.61,282.58,64322.0
 75,2.88,1.74,1.31,76.48,127.54,242.19,65476.8
 76,2.79,2.25,1.70,75.58,127.42,268.99,68319.9
 77,2.64,1.73,1.56,75.90,128.41,263.81,73265.2
 78,2.65,2.11,1.29,75.26,127.84,289.11,70753.4
 79,2.86,2.15,1.71,75.73,128.01,270.23,69368.6
 80,2.51,2.17,1.51,76.28,128.24,283.76,66228.4
 81,2.76,1.81,1.45,75.39,128.01,244.51,67246.2
 82,2.51,2.12,1.24,75.55,127.89,270.60,76031.4
 83,2.75,2.00,1.60,75.21,127.84,269.27,65244.7
 84,2.62,1.86,1.29,75.73,127.83,275.95,67875.5
 85,2.79,1.92,1.23,75.31,128.38,246.30,66397.8
 86,2.63,2.18,1.20,75.51,127.39,245.91,65186.2
 87,2.52,1.79,1.70,75.43,127.67,286.12,63116.5
 88,2.54,1.95,1.35,76.45,128.39,280.68,75634.6
 89,2.57,2.00,1.22,76.27,127.59,253.12,71668.1
 90,2.52,1.76,1.46,75.40,127.75,272.50,65393.3
 91,2.68,2.14,1.22,75.38,128.27,250.32,76287.2
 92,2.68,2.10,1.59,76.23,128.33,281.52,65209.6
 93,2.82,1.77,1.43,76.58,127.90,246.04,76984.7
 94,2.77,2.22,1.35,75.59,127.58,284.71,73880.7
 95,2.72,2.28,1.56,76.28,128.11,275.39,73095.5
 96,2.82,2.08,1.32,75.39,127.72,261.03,72598.9
 97,2.54,2.24,1.56,75.45,127.62,255.71,74653.2
 98,2.77,2.14,1.79,75.72,128.50,285.61,74041.8
 99,2.71,2.04,1.64,75.28,128.51,278.82,73462.8
100,2.85,1.92,1.76,75.40,127.33,249.61,73907.0
